2d choroid prev

              precision    recall  f1-score   support

     class 0       0.97      0.96      0.96    907281
     class 1       0.44      0.38      0.41      5389
     class 2       0.95      0.95      0.95    253685
     class 3       0.79      0.80      0.79     11538
     class 4       0.82      0.82      0.82      1265
     class 5       0.78      0.49      0.60       904
     class 6       0.73      0.74      0.74     22988
     class 7       0.91      0.91      0.91     16163
     class 8       0.76      0.49      0.60      1922
     class 9       0.52      0.52      0.52      5056
    class 10       0.83      0.92      0.87     55657
    class 11       0.92      0.74      0.82       175
    class 13       0.77      0.87      0.82      6810
    class 14       0.95      0.95      0.95    402760
    class 15       0.89      0.93      0.91    143415

    accuracy                           0.94   1835008
   macro avg       0.80      0.77      0.78   1835008
weighted avg       0.94      0.94      0.94   1835008

('The class ious are: [0.93119586 0.25608227 0.90074203 0.65949719 0.70047011 '
 '0.42621359\n'
 ' 0.5852757  0.83928876 0.42658285 0.35070005 0.77077014 0.69518717\n'
 ' 0.6939993  0.90309756 0.83365758]')
'The mIOU is 0.6648506764022706'


2d choroid latest

              precision    recall  f1-score   support

     class 0       0.97      0.94      0.95    887996
     class 1       0.82      0.61      0.70      5450
     class 2       0.96      0.98      0.97    253470
     class 3       0.88      0.83      0.85     11593
     class 4       0.88      0.92      0.90      1280
     class 5       0.21      0.27      0.23       904
     class 6       0.85      0.82      0.84     23066
     class 7       0.92      0.88      0.90     16130
     class 8       0.76      0.65      0.70      1914
     class 9       0.79      0.71      0.75      5104
    class 10       0.56      0.79      0.65     75563
    class 11       0.88      0.62      0.72       175
    class 12       0.00      0.00      0.00         0
    class 13       0.80      0.63      0.71      6810
    class 14       0.98      0.99      0.98    402029
    class 15       0.97      0.96      0.96    143524

    accuracy                           0.94   1835008
   macro avg       0.76      0.72      0.74   1835008
weighted avg       0.95      0.94      0.95   1835008

('The class ious are: [0.91331399 0.53937832 0.94257506 0.7456249  0.81875    '
 '0.13278689\n'
 ' 0.71941439 0.8101658  0.54006063 0.59518311 0.48577825 0.56842105\n'
 ' 0.         0.54536239 0.96723522 0.9301546 ]')
'The mIOU is 0.6408877876785549'

